# Exhausive search for 1 digit 3x3 vampire matrices where both are invertible

first few are 

[[1 1 1]
 [5 1 5]
 [5 5 1]]
 and
[[5. 1. 1.]
 [5. 9. 1.]
 [5. 1. 9.]]
 
 to
 
[[15. 11. 11.]
 [55. 19. 51.]
 [55. 51. 19.]]
 
 -----
 
 [[1 1 2]
 [4 1 2]
 [2 2 1]]
 and
[[8. 2. 1.]
 [2. 8. 4.]
 [4. 1. 8.]]
 
 to
 
[[18. 12. 21.]
 [42. 18. 24.]
 [24. 21. 18.]]
 
 -----
 
 [[1 2 1]
 [2 1 2]
 [4 2 1]]
 and
[[8. 1. 2.]
 [4. 8. 1.]
 [2. 4. 8.]]
 
 to
 
[[18. 21. 12.]
 [24. 18. 21.]
 [42. 24. 18.]]
 
 -----
 
 [[1 2 2]
 [2 1 1]
 [2 4 1]]
 and
[[8. 4. 1.]
 [1. 8. 2.]
 [4. 2. 8.]]
 
 to
 
[[18. 24. 21.]
 [21. 18. 12.]
 [24. 42. 18.]]
 
 -----
 
 [[1 2 4]
 [2 3 6]
 [1 2 1]]
 and
[[4. 4. 2.]
 [3. 8. 4.]
 [1. 1. 8.]]
 
 to
 
[[14. 24. 42.]
 [23. 38. 64.]
 [11. 21. 18.]]
